#processes: 1, 2, 4, 8, 16, 32, 64, 128
matrix_size: 1000, 1414, 2000, 2828, 4000, 5656, 8000, 11314
time: 1.33274, 1.3744, 1.40032, 1.41522, 1.44147, 1.63674, 1.72475, 1.85462